
-- // Code by: vcd_
-- // discord.gg/robloxxx

return {
	connection = CFrame.new(0, 0, -0.2),
	mouth = true,
	one = {
		offsets = {
			["Neck"] = 1,
			["Left Shoulder"] = -0.1,
			["Right Shoulder"] = -0.1,
		},
		fullOffset = 0,
		speed = 1,
		a = {
			["RootJoint"] = CFrame.new(0, 2.97356033, -2.6727407, 1, 0, 0, 0, 0.260730386, 0.965411663, 0, -0.965411663, 0.260730386);
			["Neck"] = CFrame.new(0, 0, 0, 0.997832954, 0.0657983944, 0, -0.0553249791, 0.839003563, -0.541305959, -0.0356170647, 0.54013294, 0.840825677);
			["Left Hip"] = CFrame.new(-0.0826058909, 0.549248934, 0.105590194, 0.967571974, -0.0536660738, 0.246828809, 9.28685129e-09, 0.977169514, 0.212458387, -0.252595544, -0.205568895, 0.945482433);
			["Right Shoulder"] = CFrame.new(0.0492126942, 0.0402961075, -0.0139371753, -0.581143856, -0.750724673, 0.314140111, 0.810654581, -0.567934096, 0.142434716, 0.071481742, 0.33743453, 0.938631058);
			["Right Hip"] = CFrame.new(0.0401483327, 0.501787782, 0.271283299, 0.94412297, 0.0456922315, -0.32641083, -6.05979977e-09, 0.990343571, 0.138632059, 0.32959342, -0.130885735, 0.93500644);
			["Left Shoulder"] = CFrame.new(-0.10695678, 0.0455918312, -0.0788216889, -0.517985344, 0.757351398, -0.397630483, -0.835870922, -0.54688853, 0.0472346954, -0.181686461, 0.356834888, 0.916329026);
		},
		b = {
			["RootJoint"] = CFrame.new(0, 2.97326255, -2.67443109, 1, 0, 0, 0, 0.235146403, 0.971960068, 0, -0.971960068, 0.235146403);
			["Neck"] = CFrame.new(-1.39698386e-09, 1.49011612e-08, -5.96046448e-08, 0.997832894, 0.0653107315, 0.00799609534, -0.0553249866, 0.898567021, -0.435334921, -0.0356170684, 0.433949113, 0.90023309);
			["Left Hip"] = CFrame.new(-0.0826059654, 0.549250782, 0.105589956, 0.964960456, -0.0907949284, 0.246186227, 0.0357542112, 0.974972308, 0.21943213, -0.259948105, -0.202941105, 0.944056094);
			["Right Shoulder"] = CFrame.new(0.0492129922, 0.0402962267, -0.0139371157, -0.542340457, -0.779219508, 0.31414026, 0.838403583, -0.526110351, 0.142434925, 0.0542843342, 0.340624392, 0.938631058);
			["Right Hip"] = CFrame.new(0.04014837, 0.501788497, 0.271283329, 0.942042887, 0.0814515501, -0.325454772, -0.0334250592, 0.988040566, 0.150526688, 0.333823204, -0.13092424, 0.933499277);
			["Left Shoulder"] = CFrame.new(-0.10695684, 0.0455918312, -0.0788216293, -0.482163012, 0.780646622, -0.397630632, -0.860427439, -0.507379532, 0.0472348034, -0.164875865, 0.364907026, 0.916328967);
		}
	},
	two = {
		offsets = {
			["Neck"] = -1,
			["Left Hip"] = -0.3,
			["Right Hip"] = -0.3,
			["br_Bone"] = 2,
			["br_Bone.001"] = 0.5,
			["bl_Bone.001"] = 0.5,
			["bl_Bone"] = 1.6,
		},
		fullOffset = 0,
		speed = 1,
		a = {		
			["tors_Move"] = CFrame.new(-0.275154114, 0.459260941, -0.00343561172, -0.811252415, 0.584696233, -2.66088173e-05, -0.584581673, -0.811092436, 0.0198338944, 0.0115752202, 0.0161058456, 0.999803424),

			["ps_Bone.004"] = CFrame.new(0.0457363129, 0.226955414, 0.00263309479, 0.919169486, -0.356295526, -0.167871684, 0.392324507, 0.865877748, 0.310382187, 0.0347685851, -0.351154059, 0.935671926),
			["ps_Bone.001"] = CFrame.new(-0.0457744598, 0.224894047, -0.00263959169, 0.915115714, 0.398344487, 0.0623293817, -0.401827037, 0.888348758, 0.222197056, 0.0331407413, -0.228381634, 0.9730075),

			["bl_Bone"] = CFrame.new(-0.417414904, 0.801303923, 0.341858447, -0.671654403, -0.729940593, 0.126756027, 0.736495793, -0.639295459, 0.221077651, 0.0803389922, 0.241843045, 0.966983795),
			["bl_Bone.001"] = CFrame.new(-0.0505461693, 0.415587425, 0.00302505493, 0.936688125, 0.310801983, -0.161299407, -0.319086432, 0.947323143, -0.027616553, -0.144219398, 0.0773365498, 0.986519039),

			["br_Bone"] = CFrame.new(-0.417414904, 0.801303923, -0.341858447, -0.671654403, -0.729940593, -0.126756027, 0.736495793, -0.639295459, -0.221077651, 0.0803389922, -0.241843045, 0.966983795),
			["br_Bone.001"] = CFrame.new(-0.0505461693, 0.415587425, 0.00302505493, 0.936688125, 0.310801983, 0.161299407, -0.319086432, 0.947323143, 0.027616553, -0.144219398, -0.0773365498, 0.986519039),

			["p_Bone"] = CFrame.new(0.0186233521, 4.76837158e-07, -0.759913445, 1, 5.6528549e-16, 3.71217351e-17, 3.51854424e-20, 0.0654658899, -0.997854888, -5.66503047e-16, 0.997854888, 0.0654658899),
			["p_Bone.001"] = CFrame.new(0, 0.405062199, 1.1920929e-07, 1, -3.72455607e-16, -4.83908017e-16, 5.60828985e-16, 0.873679578, 0.486501753, 2.41580229e-16, -0.486501753, 0.873679578),
			["p_Bone.002"] = CFrame.new(0, 0.462188244, -1.90734863e-06, 1, -6.6153346e-17, 2.36231083e-16, 7.97107965e-18, 0.971208453, 0.238231152, -2.45189436e-16, -0.238231152, 0.971208453),

			["RootJoint"] = CFrame.new(-0.0665893555, 3.26540923, -1.48553848, 1, 0, 0, 0, 0.195135593, -0.980776131, 0, 0.980776131, 0.195135593);
			["Neck"] = CFrame.new(0, 3.35276127e-08, -5.96046448e-08, 1, 0, 0, 0, 0.994539678, -0.104358405, 0, 0.104358405, 0.994539678);
			["Left Hip"] = CFrame.new(-0.44370079, 0.388773382, 0.364156723, 0.789313138, -0.547275364, 0.278342336, 0.505356133, 0.836533904, 0.21171847, -0.348711401, -0.0264501646, 0.936856866);
			["Right Shoulder"] = CFrame.new(0.316826999, -0.0250532031, 0.135764271, -0.731204867, -0.309399962, 0.607956529, 0.681343436, -0.287735581, 0.673035502, -0.0333064944, 0.906355202, 0.421201825);
			["Right Hip"] = CFrame.new(0.501437068, 0.38718468, 0.357492298, 0.773363769, 0.592619479, -0.225190103, -0.569897234, 0.805477619, 0.16254665, 0.277714103, 0.00262751756, 0.96066016);
			["Left Shoulder"] = CFrame.new(-0.0998833179, 0.0553461909, -0.0632517934, -0.521352947, 0.749577522, -0.407829016, -0.84430176, -0.522483349, 0.119013712, -0.123873957, 0.406379133, 0.90526861);
		},
		b = {	
			["tors_Move"] = CFrame.new(0.000109672546, 0.253359079, 0.00065612793, -0.811252832, 0.584695637, -2.66041607e-05, -0.584581017, -0.811092973, 0.0198338628, 0.0115751931, 0.0161058288, 0.999803424),

			["ps_Bone.004"] = CFrame.new(-7.62939453e-06, 0.206951141, -2.86102295e-06, 0.919169545, -0.356295496, -0.167871699, 0.392324537, 0.865877807, 0.310382217, 0.0347685888, -0.351154059, 0.935671926),
			["ps_Bone.001"] = CFrame.new(7.62939453e-06, 0.204971313, -1.43051147e-06, 0.915115714, 0.398344457, 0.0623293854, -0.401827008, 0.888348758, 0.222197086, 0.0331407376, -0.228381664, 0.973007441),

			["bl_Bone"] = CFrame.new(-0.417414904, 0.801303923, 0.341858447, -0.671654403, -0.729940593, 0.126756027, 0.736495793, -0.639295459, 0.221077651, 0.0803389922, 0.241843045, 0.966983795),
			["bl_Bone.001"] = CFrame.new(-0.0505461693, 0.415587425, 0.00302505493, 0.936688125, 0.310801983, -0.161299407, -0.319086432, 0.947323143, -0.027616553, -0.144219398, 0.0773365498, 0.986519039),

			["br_Bone"] = CFrame.new(-0.417414904, 0.801303923, -0.341858447, -0.671654403, -0.729940593, -0.126756027, 0.736495793, -0.639295459, -0.221077651, 0.0803389922, -0.241843045, 0.966983795),
			["br_Bone.001"] = CFrame.new(-0.0505461693, 0.415587425, 0.00302505493, 0.936688125, 0.310801983, 0.161299407, -0.319086432, 0.947323143, 0.027616553, -0.144219398, -0.0773365498, 0.986519039),

			["p_Bone"] = CFrame.new(0.0186233521, 4.76837158e-07, -0.759913445, 1, 5.62846352e-16, 6.56757517e-17, 2.5808523e-20, 0.115853474, -0.993266344, -5.66665042e-16, 0.993266344, 0.115853474),
			["p_Bone.001"] = CFrame.new(0, 0.405062199, 1.1920929e-07, 1, -3.72455607e-16, -4.83908017e-16, 5.60828985e-16, 0.873679578, 0.486501753, 2.41580229e-16, -0.486501753, 0.873679578),
			["p_Bone.002"] = CFrame.new(0, 0.462188721, -2.2649765e-06, 1, -9.85328149e-17, 2.24625223e-16, 7.81992232e-18, 0.928110003, 0.372306228, -2.45161272e-16, -0.372306228, 0.928110003),

			["RootJoint"] = CFrame.new(-0.0665893555, 3.2592504, -1.61101961, 1, 0, 0, 0, 0.0491072536, -0.998793542, 0, 0.998793542, 0.0491072536);
			["Neck"] = CFrame.new(0, 0, 0, 1, 0, 0, 0, 0.989401102, -0.14520818, 0, 0.14520818, 0.989401102);
			["Left Hip"] = CFrame.new(-0.464346737, 0.429437876, 0.362545252, 0.842627406, -0.452538133, 0.291870207, 0.414317966, 0.89104563, 0.185413212, -0.343976289, -0.0353072137, 0.938314259);
			["Right Shoulder"] = CFrame.new(0.31512928, -0.03737396, 0.164332509, -0.781052172, -0.0547319278, 0.622063041, 0.589063406, -0.395219088, 0.704845011, 0.207273602, 0.916954935, 0.340927005);
			["Right Hip"] = CFrame.new(0.531812191, 0.439546347, 0.357390076, 0.831463814, 0.501879275, -0.238295987, -0.481918603, 0.864935875, 0.140143633, 0.276445985, -0.00168511993, 0.96102798);
			["Left Shoulder"] = CFrame.new(-0.0405655503, -0.0125786662, -0.0442688167, -0.701078534, 0.552341759, -0.451007485, -0.676002562, -0.716104627, 0.173824683, -0.226957858, 0.426746845, 0.875429749);
		}
	}
}
